ID_Kereta,Tipe_Layanan,Nama_Kereta
KRT00001,Bisnis,KA Ea
KRT00002,Eksekutif,KA Unde
KRT00003,Ekonomi,KA Non
KRT00004,Eksekutif,KA Quibusdam
KRT00005,Bisnis,KA Asperiores
KRT00006,Bisnis,KA Ut
KRT00007,Eksekutif,KA Inventore
KRT00008,Ekonomi,KA Aliquid
KRT00009,Bisnis,KA Quis
KRT00010,Bisnis,KA Laudantium
KRT00011,Eksekutif,KA Alias
KRT00012,Bisnis,KA Sequi
KRT00013,Bisnis,KA Labore
KRT00014,Bisnis,KA Fuga
KRT00015,Ekonomi,KA Rerum
KRT00016,Bisnis,KA Esse
KRT00017,Bisnis,KA Aliquam
KRT00018,Bisnis,KA Laboriosam
KRT00019,Eksekutif,KA Soluta
KRT00020,Bisnis,KA Nostrum
KRT00021,Ekonomi,KA Nobis
KRT00022,Bisnis,KA Aspernatur
KRT00023,Bisnis,KA Corrupti
KRT00024,Ekonomi,KA Quod
KRT00025,Bisnis,KA Molestias
KRT00026,Eksekutif,KA Veritatis
KRT00027,Ekonomi,KA Illo
KRT00028,Bisnis,KA Quibusdam
KRT00029,Eksekutif,KA Officiis
KRT00030,Bisnis,KA Nisi
KRT00031,Ekonomi,KA Rem
KRT00032,Eksekutif,KA Reiciendis
KRT00033,Ekonomi,KA Quas
KRT00034,Bisnis,KA Facilis
KRT00035,Bisnis,KA Dolorem
KRT00036,Eksekutif,KA Modi
KRT00037,Eksekutif,KA Omnis
KRT00038,Bisnis,KA Ex
KRT00039,Ekonomi,KA Delectus
KRT00040,Bisnis,KA Accusantium
KRT00041,Bisnis,KA Hic
KRT00042,Bisnis,KA Vero
KRT00043,Ekonomi,KA Harum
KRT00044,Ekonomi,KA Blanditiis
KRT00045,Bisnis,KA Expedita
KRT00046,Eksekutif,KA Quis
KRT00047,Ekonomi,KA Impedit
KRT00048,Bisnis,KA Labore
KRT00049,Bisnis,KA Rem
KRT00050,Bisnis,KA Nam
KRT00051,Eksekutif,KA Amet
KRT00052,Ekonomi,KA Sint
KRT00053,Bisnis,KA Harum
KRT00054,Ekonomi,KA Magni
KRT00055,Bisnis,KA Fugiat
KRT00056,Bisnis,KA Unde
KRT00057,Ekonomi,KA Explicabo
KRT00058,Eksekutif,KA Ullam
KRT00059,Eksekutif,KA Sequi
KRT00060,Ekonomi,KA Accusantium
KRT00061,Ekonomi,KA Cupiditate
KRT00062,Bisnis,KA Inventore
KRT00063,Bisnis,KA Reiciendis
KRT00064,Ekonomi,KA Ut
KRT00065,Ekonomi,KA Iste
KRT00066,Ekonomi,KA Fuga
KRT00067,Eksekutif,KA Dolorum
KRT00068,Eksekutif,KA Numquam
KRT00069,Eksekutif,KA Officiis
KRT00070,Ekonomi,KA Ad
KRT00071,Ekonomi,KA Nulla
KRT00072,Bisnis,KA Accusamus
KRT00073,Eksekutif,KA Omnis
KRT00074,Eksekutif,KA Amet
KRT00075,Eksekutif,KA Magnam
KRT00076,Eksekutif,KA Perferendis
KRT00077,Ekonomi,KA Tempore
KRT00078,Bisnis,KA Quos
KRT00079,Bisnis,KA Esse
KRT00080,Bisnis,KA Nemo
KRT00081,Ekonomi,KA Aspernatur
KRT00082,Eksekutif,KA Repellendus
KRT00083,Ekonomi,KA Beatae
KRT00084,Eksekutif,KA Harum
KRT00085,Ekonomi,KA Similique
KRT00086,Bisnis,KA Quod
KRT00087,Bisnis,KA Ipsam
KRT00088,Bisnis,KA At
KRT00089,Bisnis,KA Nulla
KRT00090,Eksekutif,KA Ducimus
KRT00091,Ekonomi,KA Facilis
KRT00092,Eksekutif,KA Harum
KRT00093,Ekonomi,KA Facilis
KRT00094,Bisnis,KA Possimus
KRT00095,Bisnis,KA Debitis
KRT00096,Bisnis,KA Eum
KRT00097,Ekonomi,KA Suscipit
KRT00098,Bisnis,KA Doloribus
KRT00099,Eksekutif,KA Dignissimos
KRT00100,Eksekutif,KA Sit
KRT00101,Eksekutif,KA Ullam
KRT00102,Ekonomi,KA Architecto
KRT00103,Eksekutif,KA Eveniet
KRT00104,Bisnis,KA Cum
KRT00105,Ekonomi,KA Ullam
KRT00106,Bisnis,KA Amet
KRT00107,Ekonomi,KA Ea
KRT00108,Eksekutif,KA Vitae
KRT00109,Bisnis,KA Quae
KRT00110,Bisnis,KA Nulla
KRT00111,Ekonomi,KA Repellendus
KRT00112,Bisnis,KA Ipsum
KRT00113,Eksekutif,KA Animi
KRT00114,Ekonomi,KA Quod
KRT00115,Bisnis,KA Eum
KRT00116,Ekonomi,KA Assumenda
KRT00117,Bisnis,KA Facilis
KRT00118,Eksekutif,KA Facere
KRT00119,Eksekutif,KA Ad
KRT00120,Eksekutif,KA Veritatis
KRT00121,Eksekutif,KA Libero
KRT00122,Bisnis,KA Quis
KRT00123,Eksekutif,KA Aperiam
KRT00124,Ekonomi,KA Sapiente
KRT00125,Bisnis,KA Ex
KRT00126,Eksekutif,KA Laudantium
KRT00127,Ekonomi,KA Corrupti
KRT00128,Bisnis,KA Autem
KRT00129,Ekonomi,KA Quae
KRT00130,Bisnis,KA Numquam
KRT00131,Ekonomi,KA Culpa
KRT00132,Eksekutif,KA Quaerat
KRT00133,Ekonomi,KA Autem
KRT00134,Ekonomi,KA Ex
KRT00135,Bisnis,KA Enim
KRT00136,Bisnis,KA Itaque
KRT00137,Eksekutif,KA Rem
KRT00138,Ekonomi,KA Minima
KRT00139,Ekonomi,KA Vero
KRT00140,Ekonomi,KA Nesciunt
KRT00141,Ekonomi,KA Aut
KRT00142,Eksekutif,KA Temporibus
KRT00143,Bisnis,KA Nobis
KRT00144,Ekonomi,KA Id
KRT00145,Eksekutif,KA Dicta
KRT00146,Eksekutif,KA Alias
KRT00147,Eksekutif,KA Itaque
KRT00148,Eksekutif,KA Sequi
KRT00149,Eksekutif,KA Magni
KRT00150,Bisnis,KA Iusto
KRT00151,Eksekutif,KA Nemo
KRT00152,Bisnis,KA Totam
KRT00153,Ekonomi,KA Minima
KRT00154,Ekonomi,KA Optio
KRT00155,Bisnis,KA Impedit
KRT00156,Bisnis,KA Soluta
KRT00157,Ekonomi,KA Aliquam
KRT00158,Eksekutif,KA Dolorem
KRT00159,Ekonomi,KA Maxime
KRT00160,Eksekutif,KA Aperiam
KRT00161,Eksekutif,KA Illum
KRT00162,Bisnis,KA Distinctio
KRT00163,Bisnis,KA Rerum
KRT00164,Ekonomi,KA Alias
KRT00165,Ekonomi,KA Corrupti
KRT00166,Bisnis,KA Sequi
KRT00167,Ekonomi,KA Error
KRT00168,Bisnis,KA Ipsam
KRT00169,Bisnis,KA Quaerat
KRT00170,Ekonomi,KA Quaerat
KRT00171,Eksekutif,KA Repellendus
KRT00172,Eksekutif,KA Laborum
KRT00173,Bisnis,KA Esse
KRT00174,Ekonomi,KA Minus
KRT00175,Eksekutif,KA Reprehenderit
KRT00176,Bisnis,KA Aliquid
KRT00177,Bisnis,KA Unde
KRT00178,Ekonomi,KA Distinctio
KRT00179,Ekonomi,KA Modi
KRT00180,Bisnis,KA Totam
KRT00181,Eksekutif,KA Beatae
KRT00182,Ekonomi,KA Autem
KRT00183,Ekonomi,KA Et
KRT00184,Ekonomi,KA Recusandae
KRT00185,Eksekutif,KA Provident
KRT00186,Eksekutif,KA Repellat
KRT00187,Bisnis,KA Suscipit
KRT00188,Ekonomi,KA Quo
KRT00189,Eksekutif,KA Nihil
KRT00190,Eksekutif,KA Quidem
KRT00191,Ekonomi,KA Cupiditate
KRT00192,Eksekutif,KA Quia
KRT00193,Bisnis,KA Asperiores
KRT00194,Eksekutif,KA Sequi
KRT00195,Eksekutif,KA Optio
KRT00196,Bisnis,KA Unde
KRT00197,Ekonomi,KA Qui
KRT00198,Eksekutif,KA Quasi
KRT00199,Bisnis,KA Nulla
KRT00200,Ekonomi,KA Ipsum
KRT00201,Bisnis,KA Fugiat
KRT00202,Eksekutif,KA Earum
KRT00203,Bisnis,KA Repellat
KRT00204,Eksekutif,KA Impedit
KRT00205,Ekonomi,KA Exercitationem
KRT00206,Ekonomi,KA Iure
KRT00207,Bisnis,KA Exercitationem
KRT00208,Eksekutif,KA Magni
KRT00209,Ekonomi,KA Eveniet
KRT00210,Bisnis,KA Odit
KRT00211,Ekonomi,KA Ipsam
KRT00212,Ekonomi,KA Cum
KRT00213,Eksekutif,KA Voluptate
KRT00214,Ekonomi,KA Excepturi
KRT00215,Ekonomi,KA Numquam
KRT00216,Eksekutif,KA Nemo
KRT00217,Ekonomi,KA Magni
KRT00218,Ekonomi,KA Beatae
KRT00219,Eksekutif,KA Libero
KRT00220,Eksekutif,KA Ratione
KRT00221,Ekonomi,KA Quae
KRT00222,Ekonomi,KA Autem
KRT00223,Ekonomi,KA Magni
KRT00224,Ekonomi,KA Ullam
KRT00225,Bisnis,KA Perspiciatis
KRT00226,Ekonomi,KA Sed
KRT00227,Eksekutif,KA Eum
KRT00228,Eksekutif,KA Occaecati
KRT00229,Eksekutif,KA Nihil
KRT00230,Eksekutif,KA Eum
KRT00231,Ekonomi,KA Reiciendis
KRT00232,Ekonomi,KA Debitis
KRT00233,Bisnis,KA Quidem
KRT00234,Ekonomi,KA Exercitationem
KRT00235,Eksekutif,KA Nemo
KRT00236,Ekonomi,KA Veniam
KRT00237,Bisnis,KA Reprehenderit
KRT00238,Ekonomi,KA Vel
KRT00239,Ekonomi,KA Deserunt
KRT00240,Eksekutif,KA Sequi
KRT00241,Bisnis,KA Facilis
KRT00242,Ekonomi,KA Illo
KRT00243,Ekonomi,KA Laboriosam
KRT00244,Bisnis,KA Ipsam
KRT00245,Ekonomi,KA Cumque
KRT00246,Bisnis,KA Beatae
KRT00247,Bisnis,KA Nemo
KRT00248,Eksekutif,KA Nihil
KRT00249,Ekonomi,KA Quae
KRT00250,Bisnis,KA Dignissimos
KRT00251,Bisnis,KA Repellat
KRT00252,Bisnis,KA Possimus
KRT00253,Eksekutif,KA Suscipit
KRT00254,Ekonomi,KA Eius
KRT00255,Eksekutif,KA Ducimus
KRT00256,Eksekutif,KA Odit
KRT00257,Bisnis,KA Accusantium
KRT00258,Bisnis,KA Doloremque
KRT00259,Bisnis,KA Cumque
KRT00260,Bisnis,KA Nihil
KRT00261,Eksekutif,KA Fuga
KRT00262,Bisnis,KA Quod
KRT00263,Ekonomi,KA Optio
KRT00264,Eksekutif,KA Consequuntur
KRT00265,Bisnis,KA Debitis
KRT00266,Ekonomi,KA Aliquid
KRT00267,Bisnis,KA Non
KRT00268,Ekonomi,KA Alias
KRT00269,Bisnis,KA Voluptas
KRT00270,Bisnis,KA Doloremque
KRT00271,Eksekutif,KA Aut
KRT00272,Bisnis,KA Delectus
KRT00273,Ekonomi,KA Quam
KRT00274,Ekonomi,KA Quia
KRT00275,Eksekutif,KA Molestias
KRT00276,Bisnis,KA Nisi
KRT00277,Eksekutif,KA Libero
KRT00278,Bisnis,KA Debitis
KRT00279,Eksekutif,KA Natus
KRT00280,Bisnis,KA Voluptatem
KRT00281,Bisnis,KA Quos
KRT00282,Eksekutif,KA Excepturi
KRT00283,Eksekutif,KA Impedit
KRT00284,Eksekutif,KA Cumque
KRT00285,Eksekutif,KA Labore
KRT00286,Bisnis,KA Labore
KRT00287,Bisnis,KA Rerum
KRT00288,Ekonomi,KA Sequi
KRT00289,Bisnis,KA Sint
KRT00290,Eksekutif,KA Corrupti
KRT00291,Eksekutif,KA Aperiam
KRT00292,Bisnis,KA Aut
KRT00293,Ekonomi,KA Libero
KRT00294,Ekonomi,KA Occaecati
KRT00295,Bisnis,KA Nemo
KRT00296,Eksekutif,KA Suscipit
KRT00297,Eksekutif,KA Odio
KRT00298,Bisnis,KA Nostrum
KRT00299,Ekonomi,KA Illum
KRT00300,Bisnis,KA Perferendis
KRT00301,Bisnis,KA Voluptates
KRT00302,Bisnis,KA Deleniti
KRT00303,Bisnis,KA Ducimus
KRT00304,Eksekutif,KA Repudiandae
KRT00305,Eksekutif,KA Quaerat
KRT00306,Bisnis,KA Blanditiis
KRT00307,Ekonomi,KA Distinctio
KRT00308,Bisnis,KA Ab
KRT00309,Eksekutif,KA Rerum
KRT00310,Eksekutif,KA Rerum
KRT00311,Ekonomi,KA Maxime
KRT00312,Bisnis,KA Veniam
KRT00313,Eksekutif,KA Totam
KRT00314,Eksekutif,KA Odit
KRT00315,Bisnis,KA Modi
KRT00316,Bisnis,KA Iste
KRT00317,Ekonomi,KA Nulla
KRT00318,Ekonomi,KA Dolorum
KRT00319,Ekonomi,KA Quaerat
KRT00320,Bisnis,KA Repudiandae
KRT00321,Bisnis,KA Hic
KRT00322,Ekonomi,KA Consequatur
KRT00323,Eksekutif,KA Eveniet
KRT00324,Eksekutif,KA In
KRT00325,Bisnis,KA Possimus
KRT00326,Eksekutif,KA Laboriosam
KRT00327,Bisnis,KA Architecto
KRT00328,Ekonomi,KA Recusandae
KRT00329,Bisnis,KA Quas
KRT00330,Bisnis,KA Qui
KRT00331,Bisnis,KA Repellendus
KRT00332,Eksekutif,KA Quaerat
KRT00333,Bisnis,KA Nobis
KRT00334,Eksekutif,KA Illo
KRT00335,Ekonomi,KA Iste
KRT00336,Ekonomi,KA Molestiae
KRT00337,Eksekutif,KA Ipsum
KRT00338,Bisnis,KA Dolorum
KRT00339,Ekonomi,KA Dicta
KRT00340,Bisnis,KA Animi
KRT00341,Eksekutif,KA Eos
KRT00342,Bisnis,KA Non
KRT00343,Ekonomi,KA Quas
KRT00344,Bisnis,KA Hic
KRT00345,Ekonomi,KA Repellat
KRT00346,Bisnis,KA Sint
KRT00347,Ekonomi,KA Ipsam
KRT00348,Ekonomi,KA Consequuntur
KRT00349,Ekonomi,KA Laborum
KRT00350,Eksekutif,KA Id
KRT00351,Eksekutif,KA Doloremque
KRT00352,Eksekutif,KA Cumque
KRT00353,Bisnis,KA Illo
KRT00354,Bisnis,KA Harum
KRT00355,Bisnis,KA Placeat
KRT00356,Ekonomi,KA Nulla
KRT00357,Bisnis,KA Et
KRT00358,Eksekutif,KA Dolores
KRT00359,Eksekutif,KA Illo
KRT00360,Ekonomi,KA Facilis
KRT00361,Ekonomi,KA Sequi
KRT00362,Bisnis,KA Corrupti
KRT00363,Ekonomi,KA Eveniet
KRT00364,Eksekutif,KA Vel
KRT00365,Eksekutif,KA Hic
KRT00366,Eksekutif,KA Dicta
KRT00367,Eksekutif,KA Consequatur
KRT00368,Ekonomi,KA Enim
KRT00369,Bisnis,KA Quod
KRT00370,Bisnis,KA Quaerat
KRT00371,Ekonomi,KA Dolores
KRT00372,Bisnis,KA Aliquam
KRT00373,Eksekutif,KA Sapiente
KRT00374,Ekonomi,KA Animi
KRT00375,Ekonomi,KA Quis
KRT00376,Eksekutif,KA Quidem
KRT00377,Bisnis,KA Earum
KRT00378,Ekonomi,KA Ab
KRT00379,Bisnis,KA Porro
KRT00380,Eksekutif,KA Alias
KRT00381,Bisnis,KA Maxime
KRT00382,Ekonomi,KA Enim
KRT00383,Ekonomi,KA Id
KRT00384,Bisnis,KA Rem
KRT00385,Ekonomi,KA Nobis
KRT00386,Bisnis,KA Numquam
KRT00387,Ekonomi,KA Quasi
KRT00388,Ekonomi,KA Debitis
KRT00389,Ekonomi,KA Odit
KRT00390,Bisnis,KA Impedit
KRT00391,Ekonomi,KA Culpa
KRT00392,Ekonomi,KA Voluptatibus
KRT00393,Bisnis,KA Cumque
KRT00394,Bisnis,KA Numquam
KRT00395,Eksekutif,KA Non
KRT00396,Bisnis,KA Possimus
KRT00397,Bisnis,KA Fuga
KRT00398,Ekonomi,KA Commodi
KRT00399,Eksekutif,KA Deserunt
KRT00400,Bisnis,KA Hic
KRT00401,Ekonomi,KA Velit
KRT00402,Bisnis,KA Cum
KRT00403,Ekonomi,KA Libero
KRT00404,Ekonomi,KA Beatae
KRT00405,Ekonomi,KA Est
KRT00406,Eksekutif,KA Autem
KRT00407,Ekonomi,KA Itaque
KRT00408,Bisnis,KA Dolore
KRT00409,Bisnis,KA Quae
KRT00410,Ekonomi,KA Iusto
KRT00411,Ekonomi,KA Harum
KRT00412,Ekonomi,KA Odit
KRT00413,Eksekutif,KA Suscipit
KRT00414,Ekonomi,KA Quam
KRT00415,Eksekutif,KA Veniam
KRT00416,Ekonomi,KA Aut
KRT00417,Bisnis,KA Voluptatibus
KRT00418,Eksekutif,KA Voluptas
KRT00419,Ekonomi,KA Ipsam
KRT00420,Ekonomi,KA Amet
KRT00421,Ekonomi,KA Non
KRT00422,Ekonomi,KA Consequuntur
KRT00423,Bisnis,KA Voluptatibus
KRT00424,Eksekutif,KA Quasi
KRT00425,Ekonomi,KA Ipsum
KRT00426,Eksekutif,KA Eaque
KRT00427,Eksekutif,KA Quos
KRT00428,Ekonomi,KA Ut
KRT00429,Ekonomi,KA Sunt
KRT00430,Eksekutif,KA Amet
KRT00431,Eksekutif,KA Tempora
KRT00432,Eksekutif,KA Sunt
KRT00433,Bisnis,KA Accusamus
KRT00434,Bisnis,KA Exercitationem
KRT00435,Bisnis,KA Deserunt
KRT00436,Eksekutif,KA Repudiandae
KRT00437,Bisnis,KA Minus
KRT00438,Ekonomi,KA Est
KRT00439,Eksekutif,KA Veniam
KRT00440,Bisnis,KA Eius
KRT00441,Ekonomi,KA Fuga
KRT00442,Ekonomi,KA Optio
KRT00443,Bisnis,KA Distinctio
KRT00444,Ekonomi,KA Placeat
KRT00445,Ekonomi,KA Ea
KRT00446,Eksekutif,KA Praesentium
KRT00447,Ekonomi,KA Id
KRT00448,Eksekutif,KA Delectus
KRT00449,Ekonomi,KA Eius
KRT00450,Eksekutif,KA Tempora
KRT00451,Ekonomi,KA Commodi
KRT00452,Bisnis,KA Quas
KRT00453,Ekonomi,KA Error
KRT00454,Bisnis,KA A
KRT00455,Ekonomi,KA Nostrum
KRT00456,Bisnis,KA Atque
KRT00457,Bisnis,KA Porro
KRT00458,Eksekutif,KA Quos
KRT00459,Bisnis,KA Similique
KRT00460,Ekonomi,KA Eos
KRT00461,Bisnis,KA Voluptatum
KRT00462,Ekonomi,KA Dolorum
KRT00463,Bisnis,KA Amet
KRT00464,Ekonomi,KA Nihil
KRT00465,Ekonomi,KA Voluptas
KRT00466,Ekonomi,KA Fuga
KRT00467,Ekonomi,KA Sint
KRT00468,Ekonomi,KA Modi
KRT00469,Bisnis,KA Suscipit
KRT00470,Ekonomi,KA Reprehenderit
KRT00471,Bisnis,KA Ex
KRT00472,Eksekutif,KA Tempore
KRT00473,Eksekutif,KA Laudantium
KRT00474,Bisnis,KA Perspiciatis
KRT00475,Ekonomi,KA Quia
KRT00476,Bisnis,KA Unde
KRT00477,Eksekutif,KA Ducimus
KRT00478,Bisnis,KA In
KRT00479,Bisnis,KA Eveniet
KRT00480,Ekonomi,KA Illum
KRT00481,Eksekutif,KA Velit
KRT00482,Ekonomi,KA Placeat
KRT00483,Ekonomi,KA Porro
KRT00484,Bisnis,KA Suscipit
KRT00485,Bisnis,KA Mollitia
KRT00486,Bisnis,KA Sapiente
KRT00487,Bisnis,KA Magnam
KRT00488,Ekonomi,KA Quisquam
KRT00489,Ekonomi,KA Perspiciatis
KRT00490,Bisnis,KA Impedit
KRT00491,Bisnis,KA Consequatur
KRT00492,Eksekutif,KA Est
KRT00493,Ekonomi,KA Culpa
KRT00494,Ekonomi,KA Illo
KRT00495,Ekonomi,KA Nihil
KRT00496,Bisnis,KA Occaecati
KRT00497,Bisnis,KA Itaque
KRT00498,Bisnis,KA Expedita
KRT00499,Eksekutif,KA Ut
KRT00500,Bisnis,KA Nisi
KRT00501,Eksekutif,KA Cum
KRT00502,Bisnis,KA Dolorum
KRT00503,Ekonomi,KA Officiis
KRT00504,Eksekutif,KA Ipsum
KRT00505,Bisnis,KA Ut
KRT00506,Bisnis,KA Cum
KRT00507,Ekonomi,KA Laborum
KRT00508,Bisnis,KA Voluptatem
KRT00509,Ekonomi,KA Nam
KRT00510,Bisnis,KA Voluptatibus
KRT00511,Eksekutif,KA Debitis
KRT00512,Eksekutif,KA Perspiciatis
KRT00513,Ekonomi,KA Porro
KRT00514,Bisnis,KA Sapiente
KRT00515,Ekonomi,KA Neque
KRT00516,Ekonomi,KA Vitae
KRT00517,Bisnis,KA Ex
KRT00518,Eksekutif,KA Aliquam
KRT00519,Eksekutif,KA Illum
KRT00520,Ekonomi,KA Fugiat
KRT00521,Ekonomi,KA Quae
KRT00522,Ekonomi,KA Esse
KRT00523,Eksekutif,KA Nemo
KRT00524,Eksekutif,KA Assumenda
KRT00525,Eksekutif,KA Ratione
KRT00526,Ekonomi,KA Iste
KRT00527,Ekonomi,KA Facilis
KRT00528,Eksekutif,KA Veniam
KRT00529,Ekonomi,KA Ipsum
KRT00530,Eksekutif,KA Neque
KRT00531,Eksekutif,KA Mollitia
KRT00532,Eksekutif,KA Numquam
KRT00533,Bisnis,KA Nisi
KRT00534,Bisnis,KA Natus
KRT00535,Ekonomi,KA Facilis
KRT00536,Bisnis,KA Asperiores
KRT00537,Eksekutif,KA Fugiat
KRT00538,Ekonomi,KA Placeat
KRT00539,Eksekutif,KA Est
KRT00540,Eksekutif,KA Labore
KRT00541,Ekonomi,KA Tempora
KRT00542,Eksekutif,KA Aperiam
KRT00543,Bisnis,KA Inventore
KRT00544,Ekonomi,KA Occaecati
KRT00545,Bisnis,KA Nemo
KRT00546,Bisnis,KA Est
KRT00547,Ekonomi,KA Rem
KRT00548,Eksekutif,KA Doloremque
KRT00549,Bisnis,KA Quidem
KRT00550,Bisnis,KA Enim
KRT00551,Bisnis,KA Sunt
KRT00552,Ekonomi,KA Culpa
KRT00553,Eksekutif,KA Sint
KRT00554,Eksekutif,KA Similique
KRT00555,Ekonomi,KA Iure
KRT00556,Ekonomi,KA Delectus
KRT00557,Eksekutif,KA Sed
KRT00558,Ekonomi,KA Quis
KRT00559,Ekonomi,KA Adipisci
KRT00560,Ekonomi,KA Adipisci
KRT00561,Eksekutif,KA Modi
KRT00562,Eksekutif,KA Consectetur
KRT00563,Bisnis,KA Voluptatibus
KRT00564,Eksekutif,KA Iusto
KRT00565,Eksekutif,KA Libero
KRT00566,Bisnis,KA Quod
KRT00567,Bisnis,KA At
KRT00568,Eksekutif,KA Ullam
KRT00569,Ekonomi,KA Architecto
KRT00570,Bisnis,KA Quas
KRT00571,Eksekutif,KA Eos
KRT00572,Eksekutif,KA Magni
KRT00573,Bisnis,KA Quidem
KRT00574,Ekonomi,KA Eius
KRT00575,Ekonomi,KA Dolore
KRT00576,Eksekutif,KA Quidem
KRT00577,Bisnis,KA Nam
KRT00578,Bisnis,KA Eum
KRT00579,Bisnis,KA Illum
KRT00580,Ekonomi,KA Dolorem
KRT00581,Ekonomi,KA Minima
KRT00582,Ekonomi,KA Iure
KRT00583,Bisnis,KA Neque
KRT00584,Eksekutif,KA Esse
KRT00585,Ekonomi,KA Quod
KRT00586,Bisnis,KA Expedita
KRT00587,Bisnis,KA Accusantium
KRT00588,Eksekutif,KA Amet
KRT00589,Eksekutif,KA Adipisci
KRT00590,Bisnis,KA Qui
KRT00591,Eksekutif,KA Corporis
KRT00592,Ekonomi,KA Provident
KRT00593,Bisnis,KA Nam
KRT00594,Ekonomi,KA Placeat
KRT00595,Bisnis,KA Animi
KRT00596,Ekonomi,KA Dolore
KRT00597,Eksekutif,KA Id
KRT00598,Eksekutif,KA Incidunt
KRT00599,Ekonomi,KA Alias
KRT00600,Bisnis,KA Eum
KRT00601,Bisnis,KA Suscipit
KRT00602,Ekonomi,KA Voluptas
KRT00603,Ekonomi,KA Expedita
KRT00604,Eksekutif,KA Aliquid
KRT00605,Eksekutif,KA Fugit
KRT00606,Ekonomi,KA Cupiditate
KRT00607,Ekonomi,KA Minus
KRT00608,Bisnis,KA Ullam
KRT00609,Bisnis,KA Natus
KRT00610,Ekonomi,KA Delectus
KRT00611,Bisnis,KA Fugit
KRT00612,Eksekutif,KA Blanditiis
KRT00613,Bisnis,KA Autem
KRT00614,Ekonomi,KA Aut
KRT00615,Eksekutif,KA Quae
KRT00616,Eksekutif,KA Voluptatibus
KRT00617,Eksekutif,KA Nesciunt
KRT00618,Bisnis,KA Adipisci
KRT00619,Bisnis,KA Accusantium
KRT00620,Eksekutif,KA Quis
KRT00621,Eksekutif,KA Sed
KRT00622,Bisnis,KA Distinctio
KRT00623,Bisnis,KA Consequatur
KRT00624,Eksekutif,KA Repudiandae
KRT00625,Bisnis,KA Mollitia
KRT00626,Bisnis,KA Earum
KRT00627,Bisnis,KA Sequi
KRT00628,Bisnis,KA Ipsa
KRT00629,Ekonomi,KA Iste
KRT00630,Ekonomi,KA Nisi
KRT00631,Ekonomi,KA Quam
KRT00632,Eksekutif,KA Adipisci
KRT00633,Bisnis,KA Incidunt
KRT00634,Ekonomi,KA Harum
KRT00635,Bisnis,KA Officia
KRT00636,Ekonomi,KA Eligendi
KRT00637,Eksekutif,KA Consequuntur
KRT00638,Eksekutif,KA Fuga
KRT00639,Ekonomi,KA Ullam
KRT00640,Eksekutif,KA Repellat
KRT00641,Bisnis,KA Optio
KRT00642,Bisnis,KA Minus
KRT00643,Eksekutif,KA Illum
KRT00644,Bisnis,KA Nobis
KRT00645,Ekonomi,KA Consectetur
KRT00646,Ekonomi,KA Est
KRT00647,Ekonomi,KA Nemo
KRT00648,Bisnis,KA Ratione
KRT00649,Ekonomi,KA Hic
KRT00650,Eksekutif,KA Perspiciatis
KRT00651,Ekonomi,KA Id
KRT00652,Bisnis,KA Voluptates
KRT00653,Bisnis,KA Quibusdam
KRT00654,Ekonomi,KA Quae
KRT00655,Eksekutif,KA Exercitationem
KRT00656,Eksekutif,KA Modi
KRT00657,Eksekutif,KA Ad
KRT00658,Bisnis,KA Praesentium
KRT00659,Eksekutif,KA Mollitia
KRT00660,Bisnis,KA Minima
KRT00661,Ekonomi,KA Quisquam
KRT00662,Ekonomi,KA Corrupti
KRT00663,Bisnis,KA Odio
KRT00664,Bisnis,KA Et
KRT00665,Ekonomi,KA Repellat
KRT00666,Ekonomi,KA Alias
KRT00667,Bisnis,KA Nam
KRT00668,Ekonomi,KA Eveniet
KRT00669,Ekonomi,KA Occaecati
KRT00670,Eksekutif,KA Maxime
KRT00671,Eksekutif,KA Perferendis
KRT00672,Ekonomi,KA Recusandae
KRT00673,Ekonomi,KA Corrupti
KRT00674,Eksekutif,KA Temporibus
KRT00675,Ekonomi,KA Ipsa
KRT00676,Bisnis,KA Iusto
KRT00677,Ekonomi,KA Dicta
KRT00678,Ekonomi,KA Suscipit
KRT00679,Bisnis,KA Blanditiis
KRT00680,Eksekutif,KA Consequatur
KRT00681,Ekonomi,KA Ratione
KRT00682,Eksekutif,KA Dolores
KRT00683,Eksekutif,KA Eos
KRT00684,Ekonomi,KA Porro
KRT00685,Ekonomi,KA Rerum
KRT00686,Eksekutif,KA Expedita
KRT00687,Ekonomi,KA Blanditiis
KRT00688,Ekonomi,KA Dicta
KRT00689,Eksekutif,KA Necessitatibus
KRT00690,Eksekutif,KA Sint
KRT00691,Bisnis,KA Pariatur
KRT00692,Ekonomi,KA Quasi
KRT00693,Bisnis,KA Reiciendis
KRT00694,Eksekutif,KA Eveniet
KRT00695,Ekonomi,KA Assumenda
KRT00696,Eksekutif,KA Possimus
KRT00697,Ekonomi,KA Explicabo
KRT00698,Ekonomi,KA Neque
KRT00699,Bisnis,KA Ipsa
KRT00700,Eksekutif,KA Labore
KRT00701,Ekonomi,KA Distinctio
KRT00702,Bisnis,KA Amet
KRT00703,Eksekutif,KA Iste
KRT00704,Bisnis,KA Voluptas
KRT00705,Eksekutif,KA Recusandae
KRT00706,Ekonomi,KA Sapiente
KRT00707,Bisnis,KA Nemo
KRT00708,Bisnis,KA Ab
KRT00709,Ekonomi,KA Fugiat
KRT00710,Eksekutif,KA Voluptas
KRT00711,Ekonomi,KA Eos
KRT00712,Bisnis,KA Ratione
KRT00713,Ekonomi,KA Porro
KRT00714,Bisnis,KA Quisquam
KRT00715,Ekonomi,KA Praesentium
KRT00716,Eksekutif,KA Ipsam
KRT00717,Bisnis,KA Totam
KRT00718,Bisnis,KA Ex
KRT00719,Eksekutif,KA Iste
KRT00720,Ekonomi,KA Officiis
KRT00721,Eksekutif,KA Voluptatum
KRT00722,Ekonomi,KA Perspiciatis
KRT00723,Eksekutif,KA Quam
KRT00724,Eksekutif,KA Quos
KRT00725,Bisnis,KA Beatae
KRT00726,Bisnis,KA Corporis
KRT00727,Ekonomi,KA Nisi
KRT00728,Eksekutif,KA Voluptates
KRT00729,Ekonomi,KA Autem
KRT00730,Eksekutif,KA Minus
KRT00731,Eksekutif,KA Debitis
KRT00732,Bisnis,KA Accusantium
KRT00733,Eksekutif,KA Dolorem
KRT00734,Bisnis,KA Quasi
KRT00735,Bisnis,KA Cupiditate
KRT00736,Eksekutif,KA Doloremque
KRT00737,Eksekutif,KA Eius
KRT00738,Ekonomi,KA Nulla
KRT00739,Ekonomi,KA Cum
KRT00740,Ekonomi,KA Amet
KRT00741,Bisnis,KA Nisi
KRT00742,Bisnis,KA Possimus
KRT00743,Bisnis,KA Dolores
KRT00744,Bisnis,KA Sunt
KRT00745,Bisnis,KA Qui
KRT00746,Bisnis,KA Placeat
KRT00747,Eksekutif,KA Deserunt
KRT00748,Ekonomi,KA Quo
KRT00749,Ekonomi,KA Nihil
KRT00750,Ekonomi,KA Natus
KRT00751,Eksekutif,KA Accusamus
KRT00752,Ekonomi,KA Impedit
KRT00753,Bisnis,KA Cumque
KRT00754,Eksekutif,KA Nostrum
KRT00755,Eksekutif,KA Impedit
KRT00756,Ekonomi,KA Veritatis
KRT00757,Bisnis,KA Fugit
KRT00758,Ekonomi,KA Quasi
KRT00759,Eksekutif,KA Iste
KRT00760,Ekonomi,KA Sint
KRT00761,Eksekutif,KA Minima
KRT00762,Eksekutif,KA Recusandae
KRT00763,Eksekutif,KA Totam
KRT00764,Bisnis,KA Doloremque
KRT00765,Bisnis,KA Dicta
KRT00766,Ekonomi,KA Illum
KRT00767,Ekonomi,KA Quasi
KRT00768,Ekonomi,KA Vitae
KRT00769,Bisnis,KA Enim
KRT00770,Ekonomi,KA Sint
KRT00771,Bisnis,KA Minima
KRT00772,Eksekutif,KA Quas
KRT00773,Eksekutif,KA Sed
KRT00774,Bisnis,KA Explicabo
KRT00775,Bisnis,KA Optio
KRT00776,Eksekutif,KA Officiis
KRT00777,Bisnis,KA Eos
KRT00778,Eksekutif,KA Iure
KRT00779,Ekonomi,KA Deleniti
KRT00780,Eksekutif,KA Doloremque
KRT00781,Eksekutif,KA Qui
KRT00782,Ekonomi,KA Pariatur
KRT00783,Bisnis,KA Accusamus
KRT00784,Ekonomi,KA Ipsum
KRT00785,Eksekutif,KA Nesciunt
KRT00786,Eksekutif,KA Dolorum
KRT00787,Eksekutif,KA Distinctio
KRT00788,Eksekutif,KA Optio
KRT00789,Eksekutif,KA Atque
KRT00790,Ekonomi,KA Ab
KRT00791,Eksekutif,KA Ipsa
KRT00792,Bisnis,KA Voluptates
KRT00793,Ekonomi,KA Eaque
KRT00794,Ekonomi,KA Eligendi
KRT00795,Ekonomi,KA Voluptate
KRT00796,Eksekutif,KA Consequatur
KRT00797,Eksekutif,KA Quidem
KRT00798,Ekonomi,KA Officia
KRT00799,Eksekutif,KA Iure
KRT00800,Bisnis,KA Consequatur
KRT00801,Bisnis,KA Assumenda
KRT00802,Eksekutif,KA Soluta
KRT00803,Ekonomi,KA Omnis
KRT00804,Eksekutif,KA Saepe
KRT00805,Eksekutif,KA Dolore
KRT00806,Eksekutif,KA Atque
KRT00807,Ekonomi,KA Laudantium
KRT00808,Bisnis,KA Tempora
KRT00809,Eksekutif,KA Ratione
KRT00810,Ekonomi,KA Et
KRT00811,Ekonomi,KA Laborum
KRT00812,Bisnis,KA Sunt
KRT00813,Ekonomi,KA Accusantium
KRT00814,Ekonomi,KA Earum
KRT00815,Ekonomi,KA Harum
KRT00816,Bisnis,KA Id
KRT00817,Eksekutif,KA Nobis
KRT00818,Bisnis,KA Reprehenderit
KRT00819,Eksekutif,KA Inventore
KRT00820,Ekonomi,KA Maxime
KRT00821,Ekonomi,KA Soluta
KRT00822,Eksekutif,KA Necessitatibus
KRT00823,Bisnis,KA Facere
KRT00824,Bisnis,KA Ratione
KRT00825,Bisnis,KA Quis
KRT00826,Eksekutif,KA Temporibus
KRT00827,Ekonomi,KA Unde
KRT00828,Ekonomi,KA Eligendi
KRT00829,Ekonomi,KA Autem
KRT00830,Eksekutif,KA Rerum
KRT00831,Ekonomi,KA Dolor
KRT00832,Ekonomi,KA Corporis
KRT00833,Bisnis,KA Esse
KRT00834,Ekonomi,KA Hic
KRT00835,Bisnis,KA Dolorum
KRT00836,Eksekutif,KA Fuga
KRT00837,Bisnis,KA Recusandae
KRT00838,Ekonomi,KA Corporis
KRT00839,Ekonomi,KA Debitis
KRT00840,Bisnis,KA Quasi
KRT00841,Ekonomi,KA Repudiandae
KRT00842,Bisnis,KA Tenetur
KRT00843,Ekonomi,KA Molestiae
KRT00844,Bisnis,KA Iure
KRT00845,Bisnis,KA Repellat
KRT00846,Eksekutif,KA Rerum
KRT00847,Bisnis,KA Sed
KRT00848,Bisnis,KA Harum
KRT00849,Eksekutif,KA Sint
KRT00850,Ekonomi,KA Velit
KRT00851,Bisnis,KA Pariatur
KRT00852,Eksekutif,KA Eos
KRT00853,Eksekutif,KA Dolores
KRT00854,Bisnis,KA A
KRT00855,Ekonomi,KA Eveniet
KRT00856,Eksekutif,KA Esse
KRT00857,Bisnis,KA Consectetur
KRT00858,Eksekutif,KA Sint
KRT00859,Ekonomi,KA Dignissimos
KRT00860,Bisnis,KA Dicta
KRT00861,Bisnis,KA Doloremque
KRT00862,Ekonomi,KA Pariatur
KRT00863,Ekonomi,KA A
KRT00864,Eksekutif,KA Iste
KRT00865,Bisnis,KA Autem
KRT00866,Eksekutif,KA Asperiores
KRT00867,Bisnis,KA Deserunt
KRT00868,Eksekutif,KA Quaerat
KRT00869,Bisnis,KA Nulla
KRT00870,Ekonomi,KA Nisi
KRT00871,Eksekutif,KA Vel
KRT00872,Bisnis,KA Optio
KRT00873,Bisnis,KA Itaque
KRT00874,Eksekutif,KA Incidunt
KRT00875,Ekonomi,KA Provident
KRT00876,Ekonomi,KA Cumque
KRT00877,Eksekutif,KA Excepturi
KRT00878,Eksekutif,KA Ratione
KRT00879,Bisnis,KA Mollitia
KRT00880,Bisnis,KA Minus
KRT00881,Ekonomi,KA Molestiae
KRT00882,Ekonomi,KA Voluptatibus
KRT00883,Ekonomi,KA Pariatur
KRT00884,Eksekutif,KA Libero
KRT00885,Eksekutif,KA Ipsa
KRT00886,Eksekutif,KA Quasi
KRT00887,Ekonomi,KA Ipsum
KRT00888,Ekonomi,KA Quia
KRT00889,Ekonomi,KA Beatae
KRT00890,Ekonomi,KA Sed
KRT00891,Eksekutif,KA Error
KRT00892,Bisnis,KA Doloremque
KRT00893,Eksekutif,KA Tempora
KRT00894,Bisnis,KA Hic
KRT00895,Bisnis,KA Dicta
KRT00896,Eksekutif,KA Nostrum
KRT00897,Eksekutif,KA Ratione
KRT00898,Eksekutif,KA Numquam
KRT00899,Ekonomi,KA Porro
KRT00900,Eksekutif,KA Voluptate
KRT00901,Ekonomi,KA Explicabo
KRT00902,Bisnis,KA Vitae
KRT00903,Eksekutif,KA Cumque
KRT00904,Ekonomi,KA Quos
KRT00905,Ekonomi,KA Nostrum
KRT00906,Ekonomi,KA Totam
KRT00907,Eksekutif,KA Laudantium
KRT00908,Bisnis,KA Dolorum
KRT00909,Eksekutif,KA Alias
KRT00910,Ekonomi,KA Maiores
KRT00911,Bisnis,KA Omnis
KRT00912,Bisnis,KA Velit
KRT00913,Bisnis,KA Laborum
KRT00914,Bisnis,KA Nisi
KRT00915,Ekonomi,KA Error
KRT00916,Ekonomi,KA Sint
KRT00917,Bisnis,KA Ratione
KRT00918,Bisnis,KA Eaque
KRT00919,Bisnis,KA Modi
KRT00920,Bisnis,KA Minima
KRT00921,Ekonomi,KA Dolorum
KRT00922,Bisnis,KA Accusamus
KRT00923,Bisnis,KA Eius
KRT00924,Eksekutif,KA Numquam
KRT00925,Ekonomi,KA Magni
KRT00926,Bisnis,KA Qui
KRT00927,Bisnis,KA Earum
KRT00928,Eksekutif,KA Ab
KRT00929,Bisnis,KA Repudiandae
KRT00930,Bisnis,KA Ipsa
KRT00931,Bisnis,KA Iure
KRT00932,Eksekutif,KA Consequatur
KRT00933,Ekonomi,KA Maxime
KRT00934,Eksekutif,KA Explicabo
KRT00935,Ekonomi,KA Provident
KRT00936,Eksekutif,KA Accusantium
KRT00937,Eksekutif,KA Sequi
KRT00938,Bisnis,KA Fugit
KRT00939,Ekonomi,KA Aliquid
KRT00940,Ekonomi,KA Tenetur
KRT00941,Ekonomi,KA Harum
KRT00942,Ekonomi,KA Temporibus
KRT00943,Bisnis,KA Perferendis
KRT00944,Bisnis,KA Nam
KRT00945,Eksekutif,KA Aperiam
KRT00946,Eksekutif,KA Voluptatem
KRT00947,Bisnis,KA Voluptatibus
KRT00948,Eksekutif,KA Explicabo
KRT00949,Bisnis,KA Harum
KRT00950,Ekonomi,KA Sunt
KRT00951,Eksekutif,KA Aspernatur
KRT00952,Bisnis,KA Rem
KRT00953,Ekonomi,KA Aliquam
KRT00954,Ekonomi,KA Optio
KRT00955,Ekonomi,KA Sequi
KRT00956,Bisnis,KA Suscipit
KRT00957,Bisnis,KA Odit
KRT00958,Bisnis,KA Porro
KRT00959,Ekonomi,KA Doloribus
KRT00960,Ekonomi,KA Pariatur
KRT00961,Ekonomi,KA Tenetur
KRT00962,Bisnis,KA Quisquam
KRT00963,Bisnis,KA Corporis
KRT00964,Eksekutif,KA Amet
KRT00965,Ekonomi,KA Maxime
KRT00966,Bisnis,KA Aliquam
KRT00967,Eksekutif,KA Similique
KRT00968,Eksekutif,KA Dolor
KRT00969,Ekonomi,KA Voluptatibus
KRT00970,Ekonomi,KA Dolorum
KRT00971,Bisnis,KA Delectus
KRT00972,Eksekutif,KA Blanditiis
KRT00973,Ekonomi,KA Nihil
KRT00974,Ekonomi,KA Cumque
KRT00975,Eksekutif,KA Aspernatur
KRT00976,Ekonomi,KA Numquam
KRT00977,Eksekutif,KA Tempore
KRT00978,Eksekutif,KA Voluptatum
KRT00979,Ekonomi,KA Assumenda
KRT00980,Eksekutif,KA Ipsam
KRT00981,Eksekutif,KA Consequatur
KRT00982,Bisnis,KA Quisquam
KRT00983,Eksekutif,KA Hic
KRT00984,Ekonomi,KA Earum
KRT00985,Eksekutif,KA Ullam
KRT00986,Eksekutif,KA Sint
KRT00987,Ekonomi,KA Ad
KRT00988,Eksekutif,KA Iusto
KRT00989,Eksekutif,KA Veniam
KRT00990,Eksekutif,KA Ipsum
KRT00991,Ekonomi,KA Voluptatum
KRT00992,Bisnis,KA Dolores
KRT00993,Bisnis,KA Repudiandae
KRT00994,Eksekutif,KA Maiores
KRT00995,Ekonomi,KA Quas
KRT00996,Ekonomi,KA Accusantium
KRT00997,Ekonomi,KA Vel
KRT00998,Ekonomi,KA Necessitatibus
KRT00999,Bisnis,KA Nesciunt
KRT01000,Ekonomi,KA Vel
